k: -0.0016158091909739937
m: 2.5027337640627985
